Epoch,Train Loss,Val Loss,mAP
1,3.1554,6.9418,0.0000
2,2.5489,5.4333,0.0000
3,2.4514,4.2333,0.0013
4,2.3713,3.4839,0.0033
5,2.2443,3.0458,0.0046
6,2.1728,2.7222,0.0083
7,2.1381,2.5497,0.0117
8,2.1061,2.3935,0.0162
9,2.0808,2.2400,0.0230
10,2.0776,2.1624,0.0278
11,2.0718,2.1163,0.0279
12,2.0385,2.0664,0.0309
13,2.0243,2.0575,0.0299
14,2.0057,2.0152,0.0288
15,1.9808,2.0447,0.0239
16,1.9731,2.0068,0.0281
17,1.9547,1.9551,0.0329
18,1.9524,1.9327,0.0358
19,1.9210,1.9379,0.0368
20,1.8992,1.9216,0.0374
21,1.8969,1.8703,0.0467
22,1.8981,1.8757,0.0392
23,1.8775,1.8477,0.0435
24,1.8693,1.8600,0.0450
25,1.8532,1.8533,0.0483
26,1.8529,1.8407,0.0534
27,1.8426,1.8188,0.0571
28,1.8247,1.7985,0.0535
29,1.8174,1.7785,0.0626
30,1.7882,1.7665,0.0627
31,1.7855,1.7612,0.0621
32,1.7843,1.7606,0.0622
33,1.7795,1.7222,0.0717
34,1.7760,1.6996,0.0833
35,1.7531,1.6937,0.0908
36,1.7206,1.7036,0.0933
37,1.7183,1.6694,0.1067
38,1.7102,1.6406,0.1202
39,1.6939,1.6272,0.1260
40,1.6926,1.6088,0.1327
41,1.6851,1.5923,0.1423
42,1.6597,1.5918,0.1454
43,1.6548,1.5881,0.1477
44,1.6401,1.5614,0.1534
45,1.6312,1.5482,0.1565
46,1.6112,1.5306,0.1577
47,1.5901,1.5201,0.1606
48,1.5733,1.5030,0.1696
49,1.6236,1.5023,0.1753
50,1.6372,1.5067,0.1799
51,1.6174,1.4961,0.1807
52,1.5937,1.5047,0.1791
53,1.5841,1.4976,0.1831
54,1.5727,1.4770,0.1916
55,1.5501,1.4558,0.2011
56,1.5203,1.4289,0.2112
57,1.5129,1.4102,0.2230
58,1.5141,1.4025,0.2296
59,1.5008,1.4006,0.2359
60,1.4910,1.3854,0.2451
61,1.4997,1.3744,0.2496
62,1.4683,1.3644,0.2538
63,1.4728,1.3663,0.2558
64,1.4653,1.3596,0.2601
65,1.4330,1.3596,0.2610
66,1.4463,1.3455,0.2668
67,1.4350,1.3337,0.2692
68,1.4227,1.3224,0.2731
69,1.4086,1.3061,0.2787
70,1.4046,1.2951,0.2852
71,1.4079,1.2829,0.2879
72,1.3817,1.2727,0.2924
73,1.3884,1.2618,0.2981
74,1.3869,1.2643,0.2957
75,1.3719,1.2551,0.3000
76,1.3754,1.2521,0.3026
77,1.3629,1.2515,0.3014
78,1.3687,1.2490,0.3021
79,1.3646,1.2547,0.2995
80,1.3522,1.2560,0.3009
81,1.3469,1.2576,0.3028
82,1.3373,1.2613,0.3017
83,1.3418,1.2581,0.3016
84,1.3364,1.2588,0.3033
85,1.3296,1.2567,0.3067
86,1.3266,1.2474,0.3094
87,1.3261,1.2435,0.3105
88,1.3231,1.2397,0.3107
89,1.3163,1.2356,0.3114
90,1.3069,1.2339,0.3117
91,1.3065,1.2317,0.3141
92,1.3053,1.2248,0.3157
93,1.2973,1.2186,0.3127
94,1.3013,1.2274,0.3117
95,1.2974,1.2280,0.3142
96,1.2883,1.2225,0.3182
97,1.2850,1.2131,0.3211
98,1.2776,1.2072,0.3201
99,1.2798,1.2169,0.3165
100,1.2679,1.2189,0.3143
101,1.2720,1.2150,0.3174
102,1.2633,1.2148,0.3177
103,1.2685,1.2170,0.3162
104,1.2598,1.2153,0.3170
105,1.2624,1.2026,0.3236
106,1.2666,1.1997,0.3244
107,1.2547,1.1933,0.3261
108,1.2451,1.1866,0.3271
109,1.2540,1.1853,0.3270
110,1.2464,1.1884,0.3273
111,1.2303,1.1861,0.3291
112,1.2377,1.1812,0.3299
113,1.2377,1.1748,0.3324
114,1.2291,1.1747,0.3325
115,1.2280,1.1712,0.3352
116,1.2303,1.1743,0.3328
117,1.2204,1.1687,0.3327
118,1.2203,1.1693,0.3310
119,1.2146,1.1653,0.3300
120,1.2210,1.1709,0.3297
121,1.2250,1.1733,0.3270
122,1.2147,1.1565,0.3358
123,1.2182,1.1470,0.3404
124,1.2053,1.1544,0.3366
125,1.2107,1.1449,0.3418
126,1.2147,1.1451,0.3412
127,1.2014,1.1382,0.3470
128,1.2015,1.1309,0.3495
129,1.1884,1.1150,0.3553
130,1.1968,1.1080,0.3572
131,1.1942,1.1063,0.3584
132,1.1894,1.1071,0.3567
133,1.1783,1.1073,0.3588
134,1.1793,1.1030,0.3617
135,1.1761,1.1045,0.3618
136,1.1920,1.1130,0.3594
137,1.1690,1.1104,0.3634
138,1.1726,1.1024,0.3666
139,1.1755,1.1034,0.3657
140,1.1730,1.1045,0.3656
141,1.1729,1.0982,0.3703
142,1.1689,1.0896,0.3769
143,1.1682,1.0842,0.3797
144,1.1606,1.0856,0.3799
145,1.1589,1.0862,0.3796
146,1.1666,1.0756,0.3857
147,1.1548,1.0718,0.3865
148,1.1524,1.0654,0.3922
149,1.1481,1.0614,0.3950
150,1.1317,1.0591,0.3972
151,1.1333,1.0537,0.4012
152,1.1458,1.0434,0.4078
153,1.1350,1.0375,0.4119
154,1.1289,1.0294,0.4171
155,1.1209,1.0269,0.4189
156,1.1396,1.0213,0.4232
157,1.1197,1.0232,0.4249
158,1.1201,1.0197,0.4294
159,1.1152,1.0221,0.4288
160,1.1236,1.0224,0.4272
161,1.1129,1.0260,0.4254
162,1.1150,1.0195,0.4285
163,1.1068,1.0126,0.4317
164,1.1111,1.0025,0.4368
165,1.1115,1.0045,0.4366
166,1.1002,1.0044,0.4386
167,1.0921,0.9995,0.4377
168,1.1136,0.9902,0.4431
169,1.0909,0.9845,0.4480
170,1.0832,0.9838,0.4474
171,1.1025,0.9923,0.4422
172,1.0814,0.9923,0.4429
173,1.0815,0.9910,0.4451
174,1.0729,0.9874,0.4473
175,1.0670,0.9859,0.4467
176,1.0751,0.9878,0.4441
177,1.0820,0.9781,0.4506
178,1.0768,0.9754,0.4540
179,1.0536,0.9708,0.4568
180,1.0647,0.9717,0.4556
181,1.0688,0.9656,0.4588
182,1.0657,0.9663,0.4571
183,1.0526,0.9634,0.4597
184,1.0501,0.9584,0.4643
185,1.0528,0.9555,0.4653
186,1.0503,0.9534,0.4662
187,1.0627,0.9493,0.4680
188,1.0384,0.9441,0.4701
189,1.0478,0.9332,0.4761
190,1.0414,0.9335,0.4726
191,1.0462,0.9383,0.4686
192,1.0414,0.9401,0.4674
193,1.0360,0.9359,0.4689
194,1.0255,0.9290,0.4747
195,1.0505,0.9306,0.4753
196,1.0305,0.9384,0.4722
197,1.0326,0.9436,0.4716
198,1.0284,0.9532,0.4639
199,1.0147,0.9493,0.4660
200,1.0264,0.9477,0.4689
